[96, 92, 0] [147, 114, 0]
[79, 80, 0] [214, 104, 0]
[113, 89, 0] [212, 127, 0]
[53, 137, 0] [164, 176, 0]
[70, 55, 0] [242, 118, 0]
[87, 61, 0] [213, 97, 0]
[94, 83, 0] [162, 106, 0]
[186, 54, 0] [285, 78, 0]
[128, 130, 0] [195, 150, 0]
[69, 55, 0] [240, 117, 0]
[112, 96, 0] [177, 112, 0]
[112, 98, 0] [162, 104, 0]
[12, 48, 0] [294, 107, 0]
[137, 90, 0] [183, 101, 0]
[91, 112, 0] [190, 135, 0]
[76, 148, 0] [144, 162, 0]
[56, 113, 0] [155, 136, 0]
[165, 82, 0] [200, 93, 0]
[115, 109, 0] [165, 128, 0]
[108, 64, 0] [174, 91, 0]
[39, 51, 0] [261, 101, 0]
[125, 103, 0] [170, 116, 0]
[52, 140, 0] [163, 174, 0]
[136, 89, 0] [206, 106, 0]
[92, 102, 0] [159, 118, 0]
[56, 81, 0] [91, 93, 0]
[56, 97, 0] [105, 114, 0]
[23, 51, 0] [265, 109, 0]
[62, 25, 0] [233, 143, 0]
[105, 90, 0] [173, 110, 0]
[105, 115, 0] [193, 144, 0]
[148, 62, 0] [221, 79, 0]
[16, 72, 0] [248, 121, 0]
[97, 84, 0] [161, 107, 0]
[96, 96, 0] [157, 126, 0]
[101, 121, 0] [160, 137, 0]
[100, 129, 0] [150, 142, 0]
[95, 96, 0] [157, 123, 0]
[74, 401, 0] [1188, 638, 0]
[25, 43, 0] [275, 125, 0]
[500, 188, 0] [771, 374, 0]
[390, 385, 0] [1008, 561, 0]
[73, 115, 0] [554, 250, 0]
[15, 44, 0] [289, 90, 0]
[115, 112, 0] [187, 130, 0]
[93, 133, 0] [200, 155, 0]
[53, 87, 0] [220, 125, 0]
[85, 89, 0] [186, 115, 0]
[90, 149, 0] [166, 167, 0]
[107, 121, 0] [165, 137, 0]
[71, 121, 0] [176, 148, 0]
[17, 44, 0] [287, 94, 0]
[23, 9, 0] [297, 71, 0]
[33, 47, 0] [240, 109, 0]
[18, 46, 0] [287, 94, 0]
[31, 72, 0] [219, 112, 0]
[5, 56, 0] [286, 123, 0]
[32, 48, 0] [240, 108, 0]
[14, 41, 0] [288, 95, 0]
[91, 130, 0] [198, 154, 0]
[85, 88, 0] [185, 115, 0]
[93, 148, 0] [165, 167, 0]
[243, 363, 0] [379, 388, 0]
[228, 261, 0] [356, 290, 0]
[168, 291, 0] [335, 341, 0]
[73, 73, 0] [381, 133, 0]
[143, 99, 0] [199, 113, 0]
[89, 132, 0] [162, 148, 0]
[318, 325, 0] [447, 387, 0]
[184, 122, 0] [286, 147, 0]
[155, 229, 0] [268, 256, 0]
[333, 437, 0] [677, 522, 0]
[336, 442, 0] [674, 519, 0]
[338, 415, 0] [645, 498, 0]
[3, 292, 0] [264, 363, 0]
[215, 177, 0] [320, 212, 0]
[185, 249, 0] [365, 293, 0]
[26, 85, 0] [112, 131, 0]
[782, 463, 0] [623, 429, 0]
[168, 139, 0] [113, 124, 0]
[675, 681, 0] [374, 613, 0]
[202, 100, 0] [126, 88, 0]
[205, 193, 0] [141, 158, 0]
[616, 353, 0] [344, 280, 0]
[583, 348, 0] [263, 283, 0]
[173, 148, 0] [106, 132, 0]
[1351, 729, 0] [111, 390, 0]
[354, 544, 0] [211, 516, 0]
[198, 127, 0] [108, 105, 0]
[333, 305, 0] [260, 288, 0]
[504, 358, 0] [310, 316, 0]
[367, 426, 0] [200, 379, 0]
[339, 331, 0] [203, 294, 0]
[260, 211, 0] [162, 193, 0]
[339, 199, 0] [206, 169, 0]
[527, 151, 0] [206, 83, 0]
[238, 123, 0] [38, 76, 0]
[183, 137, 0] [112, 121, 0]
[470, 303, 0] [262, 249, 0]
[252, 102, 0] [92, 75, 0]